À«‰ÌÂùÌ Ê—Êœ
0
30
135
200
240
315
450
622
590
663
687
707
725
797
750
755
793
854
1019
1101
1147
1222
1230
1311
1311
1311
1371
1371
1471
1498
1579
1579
1579
1579
1579
1658
1764
1807
4056
7656
7725
7725
7785
7826
7826
7863
7863
7863
7863
7967
7991
7991
7991
8081
8081
-1
8115
8151
8151
8161
8161
8190
8225
8225
8235
8286
8317
8321
8377
8419
8427
8435
8435
8435
8473
8497
8511
8523
8535
8535
8598
8607
8610
8764
8764
8851
8910
8910
8926
8926
8931
8948
8955
8955
8630
8880
8880
8880
8880
8880
9030
9110
9110
9190
9190
9350
9410
9410
-1
-1
-1
-1
-1
-1
-1
-1
-1
-1
-1
-1
-1
-1
-1
-1
-1
-1
-1
-1
-1
-1
-1
-1
-1
-1
-1
150
460
885
945
1048
7950
8670
8730
8190
8190
8380
8500
9047
9050
-1
-1
-1
-1
-1
-1
-1
-1
-1
-1
-1
-1
-1
-1
-1
-1
-1
-1
-1
-1
-1
-1
-1
-1
-1
-1
-1
-1
-1
-1
-1
-1
-1
-1
-1
9056
9060
9107
9136
9198
9233
9268
9356
9360
9405
9412
9419
9419

