0
0
140
190
320
320
494
590
590
647
647
723
723
723
4323
7923
764
814
979
1061
1121
1197
1197
1271
1271
1288
1358
1358
1438
1477
1587
1587
1587
1587
1587
1647
1755
1797
170
450
847
920
1010




----------------------------------------------------------------------------------------------------------------------------
7685
7685
7685
7685
7745
7786
7786
7893
7893
7860
7860
7992
7992
7992
7992
8052
8052
8094
8121
8121
8121
8121
8208
8208
8208
8208
8246
8296
8296
8370
8425
8425
8425
8425
8425
8463
8504
8504
8504
8504
8504
8647
8647
8647
8744
8744
8811
8870
8870
8940
8960
8940
8940
8940
8940
8685
8940
8940
8940
8940
8940
9041
9075
9100
9175
9175
9328
9390
9390
7970
8670
8740
8270
8270
8360
8495
9076
9076
9075
9075
9075
9096
9219
9219
9297
9353
9353
9390
9390
9390
9390
